6
bl
p2p-Gnutella08.txt 6301 531206 574031
p2p-Gnutella05.txt 8846 1098101 1183760
p2p-Gnutella04.txt 10876 1663706 1782649
p2p-Gnutella25.txt 22687 6938457 7395013
p2p-Gnutella24.txt 26518 9503149 10120844
p2p-Gnutella30.txt 36682 18170192 19435323
cpu
p2p-Gnutella08.txt 6301 217293 260096
p2p-Gnutella05.txt 8846 350179 431540
p2p-Gnutella04.txt 10876 486031 604905
p2p-Gnutella25.txt 22687 1756251 2260300
p2p-Gnutella24.txt 26518 2292621 2919658
p2p-Gnutella30.txt 36682 4293149 5452952
gpu
p2p-Gnutella08.txt 6301 13935 1184098
p2p-Gnutella05.txt 8846 20125 1290917
p2p-Gnutella04.txt 10876 27582 1162345
p2p-Gnutella25.txt 22687 102091 1712070
p2p-Gnutella24.txt 26518 111273 2001511
p2p-Gnutella30.txt 36682 220039 4202464